6 7 28 32 39 49
10 15 24 26 31 47
13 25 44 46

17 32 36 49
22 25 26 38 44 45
0 20 28 31 47 49
0 39
23 33 35
14 19 30 43 44
1 15 24 27

30 34 40
2 43 44 46 48
9 19 30 37 40
1 10 16 19 26
15 19 27 37
4 32 39
20 26 31 38
9 14 15 16 26 37 44
6 18 31 36 38 49
23 35 41
5 25 45
8 21 33 35 41
1 10 42 47
2 5 22 44
1 5 15 18 19 31 38 44
10 16 37
0 6 42 47
33
9 12 14 40
1 6 18 20 26 47
0 4 17 39 49
8 23 29
12 35 40
8 21 23 34 40
4 20 38 45
14 16 19 27 40
5 18 20 26 36 45
0 7 17 32
12 14 30 34 35 37
21 23
24 28 47
9 13 44 48
2 5 9 13 19 25 26 43
5 22 36 38
2 13
1 6 24 28 31 42
13 43
0 4 6 20 32